{
  "asset": {
    "version": "1.0"
  },
  "root": {
    "geometricError": 100,
    "boundingVolume": {
      "region": [
        1.846243351582,
        0.366781797517,
        1.846313164752,
        0.36686906398,
        0,
        350
      ]
    },
    "refine": "ADD",
    "children": [
      {
        "transform": [
          -0.9623038945905702,
          -0.27197649614593694,
          0,
          0,
          0.09754141910359221,
          -0.34511984975684107,
          0.9334762776113128,
          0,
          -0.25388360722007675,
          0.8982878574532746,
          0.35863914891841797,
          0,
          -1620002.0262662994,
          5731871.250684042,
          2273115.406221709,
          1
        ],
        "boundingVolume": {
          "region": [
            1.8462077782812,
            0.366766019741,
            1.8462775914513,
            0.366853286203,
            0,
            350
          ]
        },
        "geometricError": 0,
        "content": {
          "url": "Handico.b3dm"
        }
      },

      {
        "geometricError": 0,
        "boundingVolume": {
          "region": [
            1.8462734032562331,
            0.366809053899077,
            1.8462901991238112,
            0.36682484299907697,
            0,
            30
          ]
        },
        "transform": [
          -0.9622932551336735,
          -0.27201413772860966,
          0,
          0,
          0.09755677130455144,
          -0.34512258738790663,
          0.9334736611427814,
          0,
          -0.253918033028122,
          0.8982754079626346,
          0.358645959063659,
          0,
          -1620221.7198924406,
          5731791.90571752,
          2273158.607269797,
          1
        ],
        "refine": "REPLACE",
        "content": {
          "url": "Keangnam.b3dm"
        }
      },
      {
        "geometricError": 0,
        "transform": [
          -0.9622997827280192,
          -0.271991044267283,
          0,
          0,
          0.09754246229209833,
          -0.3451036063459571,
          0.9334821738721149,
          0,
          -0.2538987912763699,
          0.8982896930976151,
          0.3586238015846003,
          0,
          -1620098.854233075,
          5731882.752339324,
          2273018.0484077614,
          1
        ],
        "boundingVolume": {
          "region": [
            1.84625108458,
            0.36678689633,
            1.84626452124,
            0.36679952761,
            0,
            200
          ]
        },
        "content": {
          "url": "CeoTower.b3dm"
        }
      },
      {
        "geometricError": 0,
        "transform": [
          -0.9623087637912573,
          -0.2719592674106587,
          0,
          0,
          0.09754000332307791,
          -0.3451384500028533,
          0.9334695485560105,
          0,
          -0.25386569457545094,
          0.8982859273077175,
          0.3586566630060539,
          0,
          -1619887.7959211855,
          5731859.175880271,
          2273226.509134289,
          1
        ],
        "boundingVolume": {
          "region": [
            1.8462163833082124, 0.36682052071, 1.8462331792497877, 0.36683630981,
            0,
            200
          ]
        },
        "content": {
          "url": "SongDaTower.b3dm"
        }
      }
    ]
  }
}
