{
  "asset": {
    "version": "1.0"
  },
  "root": {
    "geometricError": 100,
    "boundingVolume": {
      "region": [
        1.846243351582,
        0.366781797517,
        1.846313164752,
        0.36686906398,
        0,
        350
      ]
    },
    "refine": "ADD",
    "children": [
      {
        "transform": [
          -0.9623041214900966, -0.27197569333154276, 0, 0, 0.09754070400273683, -0.3451184196834005, 0.9334768810516321, 0, -0.25388302193298373, 0.8982886499517062, 0.35863757826267634, 0, -1619993.203466418, 5731858.304636519, 2273098.3116872543, 1
        ],
        "boundingVolume": {
          "region": [
            1.8462077782812,
            0.366766019741,
            1.8462775914513,
            0.366853286203,
            0,
            350
          ]
        },
        "geometricError": 0,
        "content": {
          "url": "Handico.b3dm"
        }
      },

      {
        "geometricError": 0,
        "boundingVolume": {
          "region": [
            1.8462734032562331,
            0.366809053899077,
            1.8462901991238112,
            0.36682484299907697,
            0,
            30
          ]
        },
        "transform": [
          -0.9622976417376383,
           -0.27199861894167743,
            0, 0,
             0.097551877339192,
              -0.3451265373178696,
               0.9334727122238637, 0,
                -0.2539032885446329,
                 0.8982785895994612,
                  0.3586484288734911, 0,
                   -1620122.5642148484,
                    5731794.260338421,
                     2273167.1437418927,
                      1
        ],
        "refine": "REPLACE",
        "content": {
          "url": "Keangnam.b3dm"
        }
      },
      {
        "geometricError": 0,
        "transform": [
          -0.9622993127590326, -0.2719927070042386, 0, 0, 0.09754209518013135, -0.3451000293013511, 0.9334835346400475, 0, -0.2539007135306315, 0.8982905638559903, 0.35862025954472115, 0, -1620106.0237368816, 5731870.278472117, 2272988.448487858, 1
        ],
        "boundingVolume": {
          "region": [
            1.84625108458,
            0.36678689633,
            1.84626452124,
            0.36679952761,
            0,
            200
          ]
        },
        "content": {
          "url": "CeoTower.b3dm"
        }
      },
      {
        "boundingVolume": {
          "region": [
            1.8462180588139552,
            0.36682507602161024,
            1.8462348547849279,
            0.36684086512161024,
            0,
            30
          ]
        },
        "transform": [
          -0.9623083081165947,
          -0.27196087977828176,
          0,
          0,
          0.09754173625723461,
          -0.34514237218595156,
          0.9334679172900259,
          0,
          -0.25386675603099573,
          0.8982839321684861,
          0.3586609086452297,
          0,
          -1619889.5037627572,
          5731828.522442713,
          2273246.3105664225,
          1
        ],
        "geometricError": 0,
        "refine": "ADD",
        "content": {
          "url": "ThreeBuilding.b3dm"
        }
      }
    ]
  }
}
